25 119 89 53 61 30
103 89 138 62 51 54
89 190 177 71 74 52
142 134 89 52 64 64
91 163 102 57 70 54
112 89 109 58 51 58
221 201 89 52 77 79
89 117 136 61 58 50
89 89 89 54 54 54
78 124 144 64 60 49
89 151 93 54 67 53
108 205 0 1 75 57
237 89 225 83 55 85
95 139 89 52 63 53
89 186 167 71 73 53
169 199 89 52 75 70
212 190 177 73 76 80
132 154 141 65 69 64
55 99 126 61 55 42
123 165 89 54 71 62
186 178 89 52 71 74
116 185 89 53 73 60
0 172 178 72 73 1
112 102 89 51 55 56
49 84 111 55 51 40
